1 2 3
7 N
1 2 3
9 L
1 2 3
100 N
42
42 N
42
42 L
137
137 N
137
137 L
100 -55 0
0 N
100 -55 0
0 L
2 3 4 5 6 7 8 9
44 L
2 3 4 5 6 7
51 N
2 2 2 2 2 2
64 N
2 2 2 2 2 2 2 2
256 N
2 2 2 2 2 2 2 2 2 2
1024 N
2 2 2 2 2 2 2 2 2 2 2 2
4096 N
2 2 2 2 2 2 2 2 2 2 2 2 2 2
16384 N
2 2 2 2 2 2 2 2 2 2 2 2 2 2 2 2
65536 N
2 2 2 2 2 2 2 2 2 2 2 2 2 2 2 2 2 2
262144 N
2 2 2 2 2 2 2 2 2 2 2 2 2 2 2 2 2 2 2 2
1048576 N
2 2 2 2 2 2 2 2 2 2 2 2 2 2 2 2 2 2 2 2 2 2
4194304 N
2 2 2 2 2 2 2 2 2 2 2 2 2 2 2 2 2 2 2 2 2 2 2
8388608 N
2 2 2 2 2 2 2 2 2 2 2 2 2 2 2 2 2 2 2 2 2 2 2 2
16777216 N
